

0.5235987755982988 0.5235987755982988 0.001 0.47028790034144896 0.001 3.268220104493847 1 3.485819815158849 0.026522742329749514

2.253820026671537 5.661877685897284 9.23568715335314 12.825017165134273 16.400865253248014 19.938248821215375 22.746407449883115 23.753108288850655 27.021543337953588 28.34562442915616 30.773756553425606 34.25417910056643

1.0 2.5121250228035286 4.097792656050045 5.6903466174601265 7.276918768651181 8.846424552656217 10.09237968458166 10.539043937740438 11.989219644063267 12.576702706390114 13.654043441468831 15.198276124626211

0.14432265434030456

